Attribute,Brugg,Basel,Bern,Chur,Geneva,Lugano,Lucerne,St. Gallen, Zurich
Brug,0,58,101,149,250,237,84,114,33
Basel,58,0,93,198,243,258,94,163,83
Bern,101,93,0,237,156,271,109,202,122
Chur,149,198,237,0,386,142,140,102,118
Geneva,250,243,156,386,0,428,263,357,276
Lugano,237,258,271,142,428,0,165,243,206
Lucerne,84,94,109,140,263,165,0,139,55
St. Gallen,114,163,202,102,357,243,139,0,84
Zurich,33,83,122,118,276,206,55,84,0